season,club,home_win,away_win,home_loss,away_loss,matches_won,matches_lost,matches_drawn,total_matches,points,home_goals,away_goals,goals_scored,goals_conceded,goal_difference
1971,Real Zaragoza,3,0,5,13,3,18,9,30,18,14,8,22,54,-32
1971,Elche CF,4,0,5,11,4,16,10,30,22,17,8,25,46,-21
1971,UD Las Palmas,5,0,3,12,5,15,10,30,25,25,8,33,42,-9
1971,Sabadell,8,0,3,14,8,17,5,30,29,19,9,28,49,-21
1971,RCD Espanyol,7,1,4,9,8,13,9,30,33,13,5,18,25,-7
1971,Real Sporting de Gijón,9,1,4,11,10,15,5,30,35,29,6,35,44,-9
1971,Málaga CF,6,2,3,7,8,10,12,30,36,14,13,27,32,-5
1971,Granada CF,9,1,1,11,10,12,8,30,38,24,9,33,34,-1
1971,Real Sociedad,9,1,3,8,10,11,9,30,39,18,5,23,27,-4
1971,Sevilla FC,11,2,1,10,13,11,6,30,45,26,8,34,42,-8
1971,Athletic Club de Bilbao,11,3,1,8,14,9,7,30,49,23,17,40,31,9
1971,RC Celta,12,3,0,10,15,10,5,30,50,23,14,37,32,5
1971,Real Madrid,10,7,2,4,17,6,7,30,58,30,16,46,24,22
1971,Atlético Madrid,13,4,0,5,17,5,8,30,59,38,13,51,20,31
1971,Valencia CF,12,6,1,4,18,5,7,30,61,27,14,41,19,22
1971,FC Barcelona,11,8,3,3,19,6,5,30,62,32,18,50,22,28
1972,Sabadell,6,1,4,14,7,18,9,34,30,19,8,27,52,-25
1972,Córdoba CF,6,0,4,11,6,15,13,34,31,19,13,32,51,-19
1972,Sevilla FC,8,1,6,10,9,16,9,34,36,25,10,35,45,-10
1972,Real Betis,9,1,2,12,10,14,10,34,40,16,9,25,45,-20
1972,Burgos,11,0,4,12,11,16,7,34,40,27,7,34,42,-8
1972,Deportivo Alavés,10,1,2,13,11,15,8,34,41,20,8,28,38,-10
1972,RC Celta,9,1,4,7,10,11,13,34,43,28,9,37,42,-5
1972,Málaga CF,6,3,1,7,9,8,17,34,44,18,9,27,31,-4
1972,RCD Espanyol,10,2,3,11,12,14,8,34,44,31,12,43,43,0
1972,Real Sporting de Gijón,10,2,3,11,12,14,8,34,44,29,12,41,37,4
1972,Real Sociedad,11,3,2,12,14,14,6,34,48,29,9,38,36,2
1972,Athletic Club de Bilbao,10,5,4,11,15,15,4,34,49,28,11,39,32,7
1972,Granada CF,13,1,0,12,14,12,8,34,50,29,11,40,34,6
1972,UD Las Palmas,10,5,1,10,15,11,8,34,53,29,11,40,36,4
1972,Atlético Madrid,9,5,3,6,14,9,11,34,53,30,15,45,28,17
1972,FC Barcelona,11,6,3,5,17,8,9,34,60,24,16,40,26,14
1972,Valencia CF,14,5,1,7,19,8,7,34,64,36,17,53,30,23
1972,Real Madrid,14,5,0,6,19,6,9,34,66,34,17,51,27,24
1973,Burgos,8,1,3,16,9,19,6,34,33,27,9,36,63,-27
1973,Deportivo Alavés,6,1,2,12,7,14,13,34,34,17,5,22,44,-22
1973,Real Betis,7,0,3,10,7,13,14,34,35,19,10,29,36,-7
1973,Granada CF,8,1,3,11,9,14,11,34,38,20,5,25,32,-7
1973,Real Oviedo,7,2,3,10,9,13,12,34,39,18,15,33,44,-11
1973,RC Celta,10,0,3,12,10,15,9,34,39,22,8,30,37,-7
1973,Real Sporting de Gijón,10,1,2,14,11,16,7,34,40,26,6,32,37,-5
1973,UD Las Palmas,9,2,3,11,11,14,9,34,42,23,15,38,44,-6
1973,Real Zaragoza,9,1,3,7,10,10,14,34,44,28,8,36,36,0
1973,Málaga CF,9,2,3,9,11,12,11,34,44,23,10,33,29,4
1973,Athletic Club de Bilbao,11,1,2,11,12,13,9,34,45,27,14,41,38,3
1973,Valencia CF,9,3,4,8,12,12,10,34,46,22,15,37,33,4
1973,Real Sociedad,11,2,2,11,13,13,8,34,47,27,10,37,39,-2
1973,Castellon,11,2,3,9,13,12,9,34,48,34,10,44,38,6
1973,Real Madrid,11,6,1,7,17,8,9,34,60,28,17,45,29,16
1973,RCD Espanyol,13,4,0,6,17,6,11,34,62,35,13,48,27,21
1973,FC Barcelona,12,6,1,5,18,6,10,34,64,28,13,41,21,20
1973,Atlético Madrid,11,9,3,3,20,6,8,34,68,30,19,49,29,20
1974,Real Oviedo,7,2,5,14,9,19,6,34,33,16,13,29,52,-23
1974,Racing Santander,7,1,2,13,8,15,11,34,35,24,12,36,54,-18
1974,Castellon,8,1,2,12,9,14,11,34,38,21,7,28,46,-18
1974,Real Murcia Club de Fútbol,8,2,3,12,10,15,9,34,39,19,8,27,37,-10
1974,Elche CF,9,2,2,14,11,16,7,34,40,13,12,25,33,-8
1974,RC Celta,12,0,5,11,12,16,6,34,42,30,13,43,49,-6
1974,Real Sporting de Gijón,12,1,4,13,13,17,4,34,43,35,14,49,59,-10
1974,Valencia CF,9,4,4,10,13,14,7,34,46,27,14,41,33,8
1974,UD Las Palmas,13,1,1,14,14,15,5,34,47,22,6,28,35,-7
1974,RCD Espanyol,12,1,1,12,13,13,8,34,47,24,10,34,38,-4
1974,Real Madrid,11,2,2,11,13,13,8,34,47,34,14,48,38,10
1974,Málaga CF,11,1,2,8,12,10,12,34,48,22,9,31,32,-1
1974,Granada CF,10,2,1,9,12,10,12,34,48,25,9,34,35,-1
1974,Athletic Club de Bilbao,13,2,2,10,15,12,7,34,52,29,6,35,31,4
1974,Real Sociedad,12,4,1,10,16,11,7,34,55,32,14,46,45,1
1974,Real Zaragoza,14,2,0,10,16,10,8,34,56,41,10,51,38,13
1974,Atlético Madrid,14,4,1,9,18,10,6,34,60,36,14,50,31,19
1974,FC Barcelona,15,6,0,5,21,5,8,34,71,49,26,75,24,51
1975,Real Murcia Club de Fútbol,6,1,4,14,7,18,9,34,30,22,9,31,66,-35
1975,RC Celta,10,0,2,12,10,14,10,34,40,24,6,30,41,-11
1975,Granada CF,9,1,1,12,10,13,11,34,41,27,8,35,47,-12
1975,Real Sporting de Gijón,10,1,2,11,11,13,10,34,43,28,12,40,40,0
1975,Málaga CF,12,1,2,14,13,16,5,34,44,26,7,33,42,-9
1975,UD Las Palmas,12,0,1,13,12,14,8,34,44,30,11,41,39,2
1975,Valencia CF,10,2,2,12,12,14,8,34,44,30,23,53,48,5
1975,Salamanca,9,1,2,7,10,9,15,34,45,20,13,33,29,4
1975,Athletic Club de Bilbao,12,1,2,12,13,14,7,34,46,30,10,40,42,-2
1975,Atlético Madrid,11,0,0,10,11,10,13,34,46,36,10,46,34,12
1975,Elche CF,12,1,3,10,13,13,8,34,47,25,10,35,44,-9
1975,RCD Espanyol,13,1,3,12,14,15,5,34,47,30,8,38,47,-9
1975,Hércules CF,7,4,3,6,11,9,14,34,47,22,15,37,36,1
1975,Real Betis,12,2,1,13,14,14,6,34,48,24,11,35,41,-6
1975,Real Sociedad,10,2,0,10,12,10,12,34,48,27,10,37,32,5
1975,FC Barcelona,12,3,0,12,15,12,7,34,52,42,15,57,36,21
1975,Real Zaragoza,13,2,0,11,15,11,8,34,53,45,13,58,47,11
1975,Real Madrid,15,5,0,4,20,4,10,34,70,42,24,66,34,32
1976,Real Sporting de Gijón,7,0,4,13,7,17,10,34,31,30,11,41,46,-5
1976,Granada CF,7,1,4,12,8,16,10,34,34,19,10,29,50,-21
1976,Elche CF,8,0,2,12,8,14,12,34,36,28,10,38,49,-11
1976,Real Oviedo,10,1,4,14,11,18,5,34,38,33,8,41,45,-4
1976,Real Zaragoza,11,0,4,11,11,15,8,34,41,33,12,45,43,2
1976,UD Las Palmas,9,3,3,13,12,16,6,34,42,31,8,39,43,-4
1976,Valencia CF,9,3,3,11,12,14,8,34,44,25,18,43,41,2
1976,Sevilla FC,12,1,1,14,13,15,6,34,45,29,6,35,39,-4
1976,Racing Santander,13,1,1,15,14,16,4,34,46,34,11,45,56,-11
1976,Salamanca,9,3,2,10,12,12,10,34,46,22,9,31,33,-2
1976,Real Sociedad,10,2,1,11,12,12,10,34,46,33,12,45,45,0
1976,Hércules CF,10,2,1,9,12,10,12,34,48,21,12,33,37,-4
1976,Real Betis,12,3,3,11,15,14,5,34,50,23,11,34,50,-16
1976,Athletic Club de Bilbao,14,0,0,9,14,9,11,34,53,28,15,43,38,5
1976,RCD Espanyol,15,3,1,11,18,12,4,34,58,34,14,48,45,3
1976,Atlético Madrid,14,4,0,10,18,10,6,34,60,40,20,60,38,22
1976,FC Barcelona,15,3,0,9,18,9,7,34,61,41,20,61,41,20
1976,Real Madrid,15,5,1,5,20,6,8,34,68,37,17,54,26,28
1977,Málaga CF,5,1,7,15,6,22,6,34,24,15,12,27,60,-33
1977,RC Celta,9,0,1,13,9,14,11,34,38,16,6,22,40,-18
1977,Real Zaragoza,9,1,2,12,10,14,10,34,40,29,13,42,51,-9
1977,Racing Santander,10,2,1,14,12,15,7,34,43,28,13,41,62,-21
1977,Hércules CF,11,0,1,12,11,13,10,34,43,27,8,35,41,-6
1977,Elche CF,10,1,2,10,11,12,11,34,44,30,15,45,47,-2
1977,Sevilla FC,10,1,3,8,11,11,12,34,45,22,10,32,39,-7
1977,Salamanca,9,4,3,12,13,15,6,34,45,20,10,30,34,-4
1977,Burgos,12,2,2,14,14,16,4,34,46,33,13,46,50,-4
1977,Real Madrid,9,3,3,9,12,12,10,34,46,36,21,57,53,4
1977,Real Sociedad,12,1,0,13,13,13,8,34,47,40,14,54,41,13
1977,Valencia CF,10,3,3,8,13,11,10,34,49,34,19,53,47,6
1977,RCD Espanyol,13,1,2,10,14,12,8,34,50,40,21,61,59,2
1977,Real Betis,12,3,3,10,15,13,6,34,51,26,16,42,42,0
1977,UD Las Palmas,13,2,1,12,15,13,6,34,51,42,14,56,51,5
1977,Athletic Club de Bilbao,12,3,2,9,15,11,8,34,53,39,16,55,45,10
1977,FC Barcelona,13,5,1,6,18,7,9,34,63,53,16,69,34,35
1977,Atlético Madrid,13,6,2,5,19,7,8,34,65,44,18,62,33,29
1978,Cadiz,7,0,5,14,7,19,8,34,29,20,10,30,69,-39
1978,Elche CF,10,1,5,13,11,18,5,34,38,31,13,44,66,-22
1978,Hércules CF,9,1,2,12,10,14,10,34,40,22,10,32,40,-8
1978,Burgos,10,0,1,12,10,13,11,34,41,25,8,33,47,-14
1978,Real Betis,10,1,2,13,11,15,8,34,41,34,17,51,52,-1
1978,Racing Santander,10,1,1,13,11,14,9,34,42,25,4,29,45,-16
1978,RCD Espanyol,11,1,4,12,12,16,6,34,42,32,16,48,60,-12
1978,Rayo Vallecano,12,0,1,12,12,13,9,34,45,39,11,50,59,-9
1978,Real Sociedad,10,2,2,11,12,13,9,34,45,40,12,52,46,6
1978,Sevilla FC,12,1,1,12,13,13,8,34,47,26,12,38,45,-7
1978,UD Las Palmas,8,4,2,9,12,11,11,34,47,29,14,43,41,2
1978,Salamanca,10,4,4,10,14,14,6,34,48,19,18,37,40,-3
1978,Atlético Madrid,14,2,2,12,16,14,4,34,52,41,20,61,52,9
1978,Real Sporting de Gijón,12,3,1,9,15,10,9,34,54,36,17,53,43,10
1978,Valencia CF,13,3,2,9,16,11,7,34,55,42,12,54,33,21
1978,Athletic Club de Bilbao,14,2,0,10,16,10,8,34,56,42,20,62,36,26
1978,FC Barcelona,13,3,1,8,16,9,9,34,57,37,12,49,29,20
1978,Real Madrid,15,7,0,9,22,9,3,34,69,48,29,77,40,37
1979,RC Recreativo de Huelva,7,1,7,14,8,21,5,34,29,28,11,39,66,-27
1979,Racing Santander,7,2,6,15,9,21,4,34,31,24,13,37,63,-26
1979,RC Celta,8,1,2,13,9,15,10,34,37,28,7,35,55,-20
1979,Rayo Vallecano,8,1,3,11,9,14,11,34,38,22,9,31,54,-23
1979,Burgos,7,3,2,10,10,12,12,34,42,16,22,38,47,-9
1979,Real Zaragoza,12,0,2,14,12,16,6,34,42,43,13,56,59,-3
1979,Hércules CF,11,2,3,12,13,15,6,34,45,22,10,32,38,-6
1979,Sevilla FC,10,2,2,11,12,13,9,34,45,27,20,47,48,-1
1979,Athletic Club de Bilbao,11,1,2,10,12,12,10,34,46,42,14,56,46,10
1979,Salamanca,11,2,1,12,13,13,8,34,47,25,11,36,40,-4
1979,Valencia CF,12,2,1,12,14,13,7,34,49,32,12,44,39,5
1979,RCD Espanyol,13,2,2,12,15,14,5,34,50,24,13,37,46,-9
1979,UD Las Palmas,10,4,2,9,14,11,9,34,51,29,20,49,43,6
1979,FC Barcelona,14,2,2,10,16,12,6,34,54,54,15,69,37,32
1979,Atlético Madrid,9,5,1,6,14,7,13,34,55,31,24,55,37,18
1979,Real Sociedad,14,4,2,9,18,11,5,34,59,34,19,53,36,17
1979,Real Sporting de Gijón,14,3,1,7,17,8,9,34,60,36,14,50,35,15
1979,Real Madrid,12,4,0,3,16,3,15,34,63,39,22,61,36,25
1980,Burgos,4,1,4,15,5,19,10,34,25,16,13,29,61,-32
1980,Málaga CF,7,1,6,13,8,19,6,33,30,15,13,28,58,-30
1980,Rayo Vallecano,7,2,6,11,9,17,8,34,35,28,18,46,61,-15
1980,Hércules CF,7,1,3,11,8,14,12,34,36,26,10,36,39,-3
1980,RCD Espanyol,7,2,3,10,9,13,12,34,39,17,11,28,37,-9
1980,UD Almería,9,1,0,12,10,12,11,33,41,29,12,41,50,-9
1980,Atlético Madrid,8,2,4,9,10,13,11,34,41,24,14,38,44,-6
1980,UD Las Palmas,11,2,2,13,13,15,6,34,45,30,6,36,49,-13
1980,Real Zaragoza,9,4,3,11,13,14,7,34,46,29,14,43,40,3
1980,Salamanca,9,4,4,9,13,13,8,34,47,26,11,37,37,0
1980,Real Betis,11,1,2,8,12,10,12,34,48,29,13,42,40,2
1980,Sevilla FC,13,1,1,13,14,14,6,34,48,37,13,50,47,3
1980,Valencia CF,11,1,0,10,12,10,12,34,48,37,13,50,42,8
1980,Athletic Club de Bilbao,14,1,2,12,15,14,5,34,50,42,10,52,44,8
1980,FC Barcelona,12,1,1,8,13,9,12,34,51,25,17,42,33,9
1980,Real Sporting de Gijón,10,6,3,8,16,11,7,34,55,27,20,47,34,13
1980,Real Sociedad,13,6,0,1,19,1,14,34,71,36,18,54,20,34
1980,Real Madrid,15,7,0,3,22,3,9,34,75,49,21,70,33,37
1981,UD Almería,6,0,5,16,6,21,7,34,25,21,9,30,66,-36
1981,Salamanca,7,0,7,13,7,20,7,34,28,22,10,32,67,-35
1981,Real Murcia Club de Fútbol,5,3,6,13,8,19,7,34,31,19,16,35,49,-14
1981,Real Zaragoza,6,3,6,8,9,14,11,34,38,21,10,31,44,-13
1981,UD Las Palmas,6,6,8,10,12,18,4,34,40,24,23,47,61,-14
1981,Hércules CF,6,4,6,8,10,14,10,34,40,23,19,42,48,-6
1981,Real Valladolid CF,8,1,4,8,9,12,13,34,40,24,16,40,46,-6
1981,CA Osasuna,11,1,4,10,12,14,8,34,44,24,11,35,46,-11
1981,RCD Espanyol,10,4,2,12,14,14,6,34,48,22,15,37,42,-5
1981,Athletic Club de Bilbao,10,4,4,9,14,13,7,34,49,44,20,64,53,11
1981,Sevilla FC,12,2,0,11,14,11,9,34,51,22,12,34,42,-8
1981,Real Sporting de Gijón,12,2,1,9,14,10,10,34,52,43,15,58,40,18
1981,Real Betis,10,7,2,9,17,11,6,34,57,30,25,55,38,17
1981,Atlético Madrid,11,5,2,6,16,8,10,34,58,28,18,46,39,7
1981,Valencia CF,12,5,1,8,17,9,8,34,59,41,18,59,41,18
1981,FC Barcelona,13,5,3,8,18,11,5,34,59,43,23,66,41,25
1981,Real Sociedad,13,6,1,7,19,8,7,34,64,33,19,52,29,23
1981,Real Madrid,15,5,1,8,20,9,5,34,65,46,20,66,37,29
1982,Castellon,2,1,10,15,3,25,6,34,15,15,18,33,82,-49
1982,Hércules CF,7,4,7,11,11,18,5,34,38,26,15,41,52,-11
1982,Real Sporting de Gijón,9,1,5,10,10,15,9,34,39,27,11,38,44,-6
1982,UD Las Palmas,9,2,3,13,11,16,7,34,40,27,14,41,53,-12
1982,Cadiz,12,1,2,16,13,18,3,34,42,24,7,31,47,-16
1982,Racing Santander,11,1,5,9,12,14,8,34,44,30,11,41,52,-11
1982,RCD Espanyol,10,3,5,10,13,15,6,34,45,28,20,48,55,-7
1982,Real Valladolid CF,12,1,2,11,13,13,8,34,47,27,13,40,53,-13
1982,Real Zaragoza,8,5,1,12,13,13,8,34,47,31,14,45,56,-11
1982,CA Osasuna,10,4,4,10,14,14,6,34,48,31,14,45,45,0
1982,Atlético Madrid,12,3,3,12,15,15,4,34,49,25,13,38,37,1
1982,Sevilla FC,10,5,2,12,15,14,5,34,50,35,17,52,39,13
1982,Real Betis,12,3,3,10,15,13,6,34,51,34,19,53,44,9
1982,Valencia CF,15,2,1,11,17,12,5,34,56,37,17,54,46,8
1982,Athletic Club de Bilbao,14,4,1,11,18,12,4,34,58,46,17,63,41,22
1982,Real Madrid,13,5,0,8,18,8,8,34,62,39,18,57,34,23
1982,FC Barcelona,14,5,1,7,19,8,7,34,64,49,26,75,40,35
1982,Real Sociedad,15,5,0,7,20,7,7,34,67,37,21,58,33,25
1983,UD Las Palmas,7,0,4,12,7,16,11,34,32,24,8,32,55,-23
1983,Racing Santander,8,1,4,16,9,20,5,34,32,32,12,44,63,-19
1983,RC Celta,7,2,7,12,9,19,6,34,33,17,10,27,56,-29
1983,Valencia CF,9,0,3,15,9,18,7,34,34,28,14,42,56,-14
1983,CA Osasuna,10,0,3,15,10,18,6,34,36,30,9,39,54,-15
1983,Salamanca,9,1,4,12,10,16,8,34,38,20,11,31,48,-17
1983,Real Valladolid CF,9,0,4,10,9,14,11,34,38,23,11,34,51,-17
1983,Real Betis,7,2,3,10,9,13,12,34,39,28,14,42,45,-3
1983,Málaga CF,9,1,4,10,10,14,10,34,40,24,13,37,48,-11
1983,Real Sporting de Gijón,7,2,1,9,9,10,15,34,42,20,11,31,32,-1
1983,RCD Espanyol,11,2,3,12,13,15,6,34,45,31,14,45,47,-2
1983,Real Sociedad,10,2,1,9,12,10,12,34,48,21,8,29,27,2
1983,Sevilla FC,11,4,1,6,15,7,12,34,57,27,17,44,31,13
1983,Real Zaragoza,12,5,2,9,17,11,6,34,57,40,19,59,39,20
1983,FC Barcelona,11,6,2,5,17,7,10,34,61,31,29,60,29,31
1983,Atlético Madrid,12,8,0,8,20,8,6,34,66,28,28,56,38,18
1983,Real Madrid,15,5,1,4,20,5,9,34,69,35,22,57,25,32
1983,Athletic Club de Bilbao,15,7,1,5,22,6,6,34,72,48,23,71,36,35
1984,RCD Mallorca,2,1,5,11,3,16,15,34,24,17,10,27,56,-29
1984,Salamanca,5,0,5,14,5,19,10,34,25,21,9,30,59,-29
1984,Cadiz,5,1,6,12,6,18,10,34,28,22,14,36,51,-15
1984,CA Osasuna,9,2,3,14,11,17,6,34,39,25,5,30,44,-14
1984,Real Valladolid CF,10,1,3,13,11,16,7,34,40,28,16,44,60,-16
1984,Real Sporting de Gijón,7,4,4,11,11,15,8,34,41,24,14,38,47,-9
1984,Real Murcia Club de Fútbol,9,1,3,9,10,12,12,34,42,27,15,42,38,4
1984,RCD Espanyol,8,2,3,8,10,11,13,34,43,26,16,42,44,-2
1984,Valencia CF,7,5,5,9,12,14,8,34,44,27,18,45,47,-2
1984,Málaga CF,10,1,3,9,11,12,11,34,44,32,9,41,35,6
1984,Sevilla FC,12,1,2,11,13,13,8,34,47,31,11,42,43,-1
1984,Real Zaragoza,8,4,5,6,12,11,11,34,47,31,19,50,41,9
1984,Real Sociedad,11,3,4,7,14,11,9,34,51,22,21,43,35,8
1984,Real Betis,15,2,0,13,17,13,4,34,55,33,12,45,40,5
1984,Atlético Madrid,12,5,2,7,17,9,8,34,59,31,22,53,47,6
1984,FC Barcelona,12,8,1,5,20,6,8,34,68,38,24,62,28,34
1984,Athletic Club de Bilbao,14,6,1,4,20,5,9,34,69,40,13,53,30,23
1984,Real Madrid,13,9,1,6,22,7,5,34,71,34,25,59,37,22
1985,Real Murcia Club de Fútbol,5,1,8,10,6,18,10,34,28,16,8,24,52,-28
1985,Elche CF,5,1,3,11,6,14,14,34,32,11,7,18,37,-19
1985,Málaga CF,5,2,4,8,7,12,15,34,36,16,7,23,36,-13
1985,Real Valladolid CF,4,3,4,7,7,11,16,34,37,22,17,39,45,-6
1985,Hércules CF,6,3,1,12,9,13,12,34,39,18,10,28,45,-17
1985,Sevilla FC,6,4,5,8,10,13,11,34,41,17,12,29,41,-12
1985,Real Betis,6,5,9,6,11,15,8,34,41,21,16,37,43,-6
1985,Racing Santander,9,1,2,10,10,12,12,34,42,23,4,27,34,-7
1985,Valencia CF,5,4,3,7,9,10,15,34,42,20,20,40,37,3
1985,Real Zaragoza,5,6,5,7,11,12,11,34,44,20,19,39,39,0
1985,RCD Espanyol,9,2,2,9,11,11,12,34,45,25,15,40,44,-4
1985,Real Sociedad,7,4,6,5,11,11,12,34,45,24,17,41,33,8
1985,CA Osasuna,9,4,4,9,13,13,8,34,47,26,12,38,38,0
1985,Real Madrid,8,5,5,6,13,11,10,34,49,30,16,46,36,10
1985,Real Sporting de Gijón,9,4,2,4,13,6,15,34,54,23,11,34,23,11
1985,Athletic Club de Bilbao,9,4,1,5,13,6,15,34,54,28,11,39,26,13
1985,Atlético Madrid,9,7,4,3,16,7,11,34,59,24,27,51,28,23
1985,FC Barcelona,13,8,0,2,21,2,11,34,74,42,27,69,25,44
1986,RC Celta,5,0,11,14,5,25,4,34,19,20,12,32,72,-40
1986,Hércules CF,7,1,5,15,8,20,6,34,30,26,9,35,62,-27
1986,Valencia CF,6,2,6,11,8,17,9,34,33,22,16,38,62,-24
1986,Cadiz,8,1,5,12,9,17,8,34,35,20,10,30,58,-28
1986,UD Las Palmas,8,1,4,12,9,16,9,34,36,29,8,37,65,-28
1986,CA Osasuna,7,2,6,10,9,16,9,34,36,16,8,24,33,-9
1986,Racing Santander,7,3,2,11,10,13,11,34,41,25,8,33,34,-1
1986,RCD Espanyol,11,0,4,10,11,14,9,34,42,35,8,43,40,3
1986,Real Valladolid CF,12,1,2,13,13,15,6,34,45,38,16,54,48,6
1986,Real Betis,7,4,2,8,11,10,13,34,46,23,17,40,40,0
1986,Sevilla FC,8,4,2,10,12,12,10,34,46,20,19,39,34,5
1986,Real Sporting de Gijón,8,5,2,4,13,6,15,34,54,23,14,37,27,10
1986,Real Sociedad,12,5,2,10,17,12,5,34,56,44,20,64,51,13
1986,Real Zaragoza,9,6,2,5,15,7,12,34,57,27,24,51,34,17
1986,Atlético Madrid,13,4,3,6,17,9,8,34,59,32,21,53,38,15
1986,Athletic Club de Bilbao,11,6,1,7,17,8,9,34,60,32,12,44,31,13
1986,FC Barcelona,11,7,2,5,18,7,9,34,63,33,28,61,36,25
1986,Real Madrid,17,9,0,4,26,4,4,34,82,47,36,83,33,50
1987,Cadiz,9,1,7,18,10,25,9,44,39,22,9,31,59,-28
1987,Racing Santander,10,2,5,18,12,23,9,44,45,31,15,46,66,-20
1987,Sabadell,10,2,4,14,12,18,14,44,50,24,14,38,59,-21
1987,CA Osasuna,11,1,6,12,12,18,14,44,50,27,13,40,48,-8
1987,Sevilla FC,10,4,5,14,14,19,11,44,53,34,17,51,53,-2
1987,Real Valladolid CF,12,3,2,16,15,18,11,44,56,27,15,42,45,-3
1987,RCD Mallorca,12,3,3,14,15,17,12,44,57,32,16,48,65,-17
1987,UD Las Palmas,11,5,4,15,16,19,9,44,57,37,22,59,67,-8
1987,Athletic Club de Bilbao,12,3,4,13,15,17,12,44,57,36,15,51,50,1
1987,Real Murcia Club de Fútbol,16,1,5,15,17,20,7,44,58,39,11,50,63,-13
1987,Real Zaragoza,11,4,2,13,15,15,14,44,59,29,17,46,47,-1
1987,Real Sporting de Gijón,12,4,4,11,16,15,13,44,61,38,20,58,50,8
1987,Real Betis,15,3,4,13,18,17,9,44,63,40,21,61,59,2
1987,Atlético Madrid,13,5,4,11,18,15,11,44,65,34,24,58,54,4
1987,Real Sociedad,14,5,4,12,19,16,9,44,66,42,17,59,54,5
1987,RCD Espanyol,16,4,1,12,20,13,11,44,71,44,22,66,46,20
1987,FC Barcelona,19,5,1,4,24,5,15,44,87,46,17,63,29,34
1987,Real Madrid,16,11,1,4,27,5,12,44,93,48,36,84,37,47
1988,Sabadell,7,2,6,12,9,18,11,38,38,17,10,27,48,-21
1988,RCD Mallorca,8,1,5,12,9,17,12,38,39,26,9,35,50,-15
1988,Real Murcia Club de Fútbol,6,3,4,12,9,16,13,38,40,17,14,31,42,-11
1988,UD Las Palmas,9,3,10,11,12,21,5,38,41,27,16,43,65,-22
1988,Valencia CF,8,2,5,10,10,15,13,38,43,26,18,44,53,-9
1988,RCD Espanyol,8,3,6,10,11,16,11,38,44,28,16,44,55,-11
1988,Logrones,9,3,5,12,12,17,9,38,45,20,8,28,45,-17
1988,Cadiz,8,3,4,10,11,14,13,38,46,28,19,47,54,-7
1988,Real Betis,11,3,3,16,14,19,5,38,47,30,12,42,54,-12
1988,Real Zaragoza,8,3,3,10,11,13,14,38,47,32,22,54,56,-2
1988,Sevilla FC,7,6,4,10,13,14,11,38,50,23,18,41,46,-5
1988,Real Valladolid CF,10,3,2,11,13,13,12,38,51,17,14,31,34,-3
1988,Real Sporting de Gijón,11,3,2,12,14,14,10,38,52,32,12,44,49,-5
1988,RC Celta,11,3,2,11,14,13,11,38,53,31,12,43,40,3
1988,FC Barcelona,9,6,7,7,15,14,9,38,54,31,18,49,44,5
1988,CA Osasuna,11,4,2,11,15,13,10,38,55,30,10,40,34,6
1988,Athletic Club de Bilbao,12,5,2,7,17,9,12,38,63,31,19,50,43,7
1988,Atlético Madrid,13,6,5,4,19,9,10,38,67,32,28,60,38,22
1988,Real Sociedad,13,9,3,6,22,9,7,38,73,33,28,61,33,28
1988,Real Madrid,18,10,1,3,28,4,6,38,90,59,36,95,26,69
1989,Elche CF,3,1,11,16,4,27,7,38,19,15,14,29,71,-42
1989,Real Murcia Club de Fútbol,5,4,10,13,9,23,6,38,33,16,11,27,58,-31
1989,RCD Espanyol,5,2,6,9,7,15,16,38,37,20,9,29,44,-15
1989,Real Betis,7,2,7,11,9,18,11,38,38,20,16,36,55,-19
1989,Cadiz,3,6,5,9,9,14,15,38,42,16,15,31,41,-10
1989,Logrones,6,3,4,9,9,13,16,38,43,15,10,25,37,-12
1989,Málaga CF,6,6,6,11,12,17,9,38,45,21,18,39,53,-14
1989,Real Sociedad,9,2,4,9,11,13,14,38,47,22,16,38,47,-9
1989,Real Oviedo,8,4,7,8,12,15,11,38,47,26,15,41,48,-7
1989,Real Sporting de Gijón,8,5,6,10,13,16,9,38,48,24,18,42,42,0
1989,CA Osasuna,9,4,4,10,13,14,11,38,50,20,19,39,43,-4
1989,Sevilla FC,9,4,4,9,13,13,12,38,51,26,12,38,39,-1
1989,RC Celta,9,5,4,9,14,13,11,38,53,23,19,42,48,-6
1989,Athletic Club de Bilbao,11,4,3,8,15,11,12,38,57,32,13,45,35,10
1989,Real Zaragoza,9,6,3,7,15,10,13,38,58,22,26,48,42,6
1989,Real Valladolid CF,13,5,4,9,18,13,7,38,61,22,18,40,31,9
1989,Atlético Madrid,13,6,2,9,19,11,8,38,65,49,20,69,45,24
1989,Valencia CF,11,7,2,5,18,7,13,38,67,27,12,39,26,13
1989,FC Barcelona,15,8,1,3,23,4,11,38,80,50,30,80,26,54
1989,Real Madrid,16,9,0,1,25,1,12,38,87,56,35,91,37,54
1990,Rayo Vallecano,6,0,7,18,6,25,7,38,25,21,11,32,75,-43
1990,RC Celta,4,1,5,16,5,21,12,38,27,17,7,24,51,-27
1990,Tenerife,6,2,6,14,8,20,10,38,34,28,14,42,60,-18
1990,Málaga CF,6,3,8,11,9,19,10,38,37,13,10,23,50,-27
1990,Real Valladolid CF,7,1,7,9,8,16,14,38,38,19,12,31,41,-10
1990,Castellon,7,2,4,11,9,15,14,38,41,16,14,30,48,-18
1990,Cadiz,9,3,7,13,12,20,6,38,42,14,14,28,63,-35
1990,Real Sporting de Gijón,8,4,4,12,12,16,10,38,46,25,12,37,34,3
1990,Athletic Club de Bilbao,9,2,1,11,11,12,15,38,48,27,10,37,39,-2
1990,RCD Mallorca,7,4,3,7,11,10,17,38,50,23,13,36,34,2
1990,Real Oviedo,10,2,4,7,12,11,15,38,51,27,14,41,46,-5
1990,CA Osasuna,12,2,4,8,14,12,12,38,54,29,13,42,42,0
1990,Real Zaragoza,13,3,3,11,16,14,8,38,56,29,23,52,52,0
1990,Logrones,12,6,4,11,18,15,5,38,59,26,21,47,51,-4
1990,Real Sociedad,11,4,1,8,15,9,14,38,59,28,15,43,35,8
1990,Sevilla FC,12,6,3,10,18,13,7,38,61,38,26,64,46,18
1990,Atlético Madrid,14,6,1,7,20,8,10,38,70,33,22,55,35,20
1990,Valencia CF,14,6,1,4,20,5,13,38,73,44,23,67,42,25
1990,FC Barcelona,14,9,2,8,23,10,5,38,74,53,30,83,39,44
1990,Real Madrid,17,9,0,2,26,2,10,38,88,78,29,107,38,69
1991,Real Betis,4,2,5,14,6,19,13,38,31,22,15,37,65,-28
1991,Castellon,8,0,4,14,8,18,12,38,36,23,4,27,48,-21
1991,Cadiz,7,0,4,12,7,16,15,38,36,21,8,29,41,-12
1991,RCD Mallorca,6,3,2,11,9,13,16,38,43,19,13,32,40,-8
1991,Real Zaragoza,8,3,5,11,11,16,11,38,44,24,12,36,40,-4
1991,RCD Espanyol,11,1,5,11,12,16,10,38,46,29,10,39,47,-8
1991,Real Sociedad,8,3,2,11,11,13,14,38,47,21,18,39,45,-6
1991,Real Burgos,7,3,5,6,10,11,17,38,47,25,7,32,27,5
1991,Tenerife,10,4,5,12,14,17,7,38,49,18,19,37,53,-16
1991,Real Valladolid CF,9,3,2,11,12,13,13,38,49,28,10,38,40,-2
1991,Logrones,9,4,5,9,13,14,11,38,50,18,10,28,35,-7
1991,Athletic Club de Bilbao,12,3,4,13,15,17,6,38,51,28,13,41,50,-9
1991,Sevilla FC,13,2,3,12,15,15,8,38,53,31,14,45,47,-2
1991,Real Oviedo,11,2,0,9,13,9,16,38,55,26,10,36,35,1
1991,Valencia CF,11,4,4,9,15,13,10,38,55,28,16,44,40,4
1991,CA Osasuna,12,3,2,6,15,8,15,38,60,26,17,43,34,9
1991,Real Sporting de Gijón,12,4,2,8,16,10,12,38,60,31,19,50,37,13
1991,Atlético Madrid,12,5,2,6,17,8,13,38,64,35,17,52,28,24
1991,Real Madrid,13,7,4,8,20,12,6,38,66,38,25,63,37,26
1991,FC Barcelona,15,10,1,5,25,6,7,38,82,44,30,74,33,41
1992,Real Valladolid CF,6,1,5,13,7,18,13,38,34,21,10,31,53,-22
1992,Cadiz,6,1,4,13,7,17,14,38,35,18,14,32,55,-23
1992,RCD Mallorca,7,3,8,13,10,21,7,38,37,19,11,30,49,-19
1992,Deportivo Alavés,5,3,3,12,8,15,15,38,39,24,13,37,48,-11
1992,CA Osasuna,9,1,4,11,10,15,13,38,43,18,12,30,40,-10
1992,RCD Espanyol,9,3,6,12,12,18,8,38,44,26,17,43,60,-17
1992,Athletic Club de Bilbao,10,3,6,12,13,18,7,38,46,25,13,38,58,-20
1992,Tenerife,11,1,4,12,12,16,10,38,46,30,16,46,50,-4
1992,Sevilla FC,11,2,4,13,13,17,8,38,47,33,15,48,45,3
1992,Logrones,9,4,3,12,13,15,10,38,49,20,16,36,51,-15
1992,Real Burgos,10,2,4,9,12,13,13,38,49,25,15,40,43,-3
1992,Real Oviedo,12,2,4,12,14,16,8,38,50,27,14,41,46,-5
1992,Real Sporting de Gijón,10,5,6,9,15,15,8,38,53,22,15,37,43,-6
1992,Albacete,11,5,4,10,16,14,8,38,56,28,17,45,47,-2
1992,Real Zaragoza,12,5,4,10,17,14,7,38,58,29,11,40,41,-1
1992,Real Sociedad,11,5,2,8,16,10,12,38,60,27,17,44,38,6
1992,Valencia CF,12,8,3,8,20,11,7,38,67,37,26,63,42,21
1992,Atlético Madrid,16,8,2,7,24,9,5,38,77,47,20,67,35,32
1992,Real Madrid,16,7,0,7,23,7,8,38,77,47,31,78,32,46
1992,FC Barcelona,15,8,1,5,23,6,9,38,78,48,39,87,37,50
1993,Real Burgos,3,1,7,13,4,20,14,38,26,16,13,29,69,-40
1993,Cadiz,3,2,8,13,5,21,12,38,27,19,11,30,70,-40
1993,RCD Espanyol,7,2,7,11,9,18,11,38,38,25,15,40,56,-16
1993,Rayo Vallecano,6,2,3,10,8,13,17,38,41,25,15,40,49,-9
1993,Albacete,10,1,7,11,11,18,9,38,42,37,17,54,59,-5
1993,Real Oviedo,7,4,5,12,11,17,10,38,43,28,14,42,52,-10
1993,RC Celta,5,4,5,8,9,13,16,38,43,13,12,25,32,-7
1993,Logrones,7,4,8,8,11,16,11,38,44,15,17,32,48,-16
1993,Real Sporting de Gijón,6,5,7,8,11,15,12,38,45,16,22,38,57,-19
1993,Real Zaragoza,8,3,5,9,11,14,13,38,46,21,16,37,52,-15
1993,CA Osasuna,9,3,6,10,12,16,10,38,46,25,17,42,41,1
1993,Real Sociedad,10,3,5,12,13,17,8,38,47,30,16,46,59,-13
1993,Athletic Club de Bilbao,11,6,4,11,17,15,6,38,57,29,24,53,49,4
1993,Atlético Madrid,10,6,2,9,16,11,11,38,59,28,24,52,42,10
1993,Tenerife,9,6,2,7,15,9,14,38,59,33,26,59,47,12
1993,Sevilla FC,11,6,3,9,17,12,9,38,60,27,19,46,44,2
1993,Valencia CF,14,5,3,6,19,9,10,38,67,41,19,60,33,27
1993,Deportivo Alavés,14,8,1,5,22,6,10,38,76,41,26,67,33,34
1993,Real Madrid,16,8,0,5,24,5,9,38,81,45,30,75,28,47
1993,FC Barcelona,16,9,0,5,25,5,8,38,83,52,35,87,34,53
1994,CA Osasuna,6,2,6,14,8,20,10,38,34,20,14,34,63,-29
1994,Lleida,3,4,8,10,7,18,13,38,34,12,17,29,48,-19
1994,Real Valladolid CF,4,4,5,11,8,16,14,38,38,14,14,28,51,-23
1994,Rayo Vallecano,7,2,6,10,9,16,13,38,40,26,14,40,58,-18
1994,Logrones,6,3,5,9,9,14,15,38,42,28,19,47,58,-11
1994,RC Celta,9,2,5,11,11,16,11,38,44,25,16,41,51,-10
1994,Albacete,8,2,3,10,10,13,15,38,45,33,16,49,58,-9
1994,Real Sociedad,8,4,3,11,12,14,12,38,48,23,16,39,47,-8
1994,Atlético Madrid,11,2,5,11,13,16,9,38,48,32,22,54,54,0
1994,Real Oviedo,9,3,7,6,12,13,13,38,49,25,18,43,49,-6
1994,Real Sporting de Gijón,9,6,7,11,15,18,5,38,50,27,15,42,57,-15
1994,Tenerife,12,3,3,14,15,17,6,38,51,30,20,50,57,-7
1994,Racing Santander,11,4,4,11,15,15,8,38,53,31,13,44,42,2
1994,Valencia CF,10,4,3,9,14,12,12,38,54,37,18,55,50,5
1994,Sevilla FC,10,5,5,6,15,11,12,38,57,32,24,56,42,14
1994,Athletic Club de Bilbao,11,5,2,9,16,11,11,38,59,39,22,61,47,14
1994,Real Madrid,11,8,4,8,19,12,7,38,64,33,28,61,50,11
1994,Real Zaragoza,14,5,2,9,19,11,8,38,65,46,25,71,47,24
1994,Deportivo Alavés,13,9,1,3,22,4,12,38,78,36,18,54,18,36
1994,FC Barcelona,16,9,2,5,25,7,6,38,81,56,35,91,42,49
1995,Logrones,1,1,11,16,2,27,9,38,15,11,4,15,79,-64
1995,Real Valladolid CF,6,2,8,13,8,21,9,38,33,18,7,25,63,-38
1995,Real Sporting de Gijón,6,2,5,13,8,18,12,38,36,25,17,42,67,-25
1995,Albacete,6,4,6,8,10,14,14,38,44,23,21,44,61,-17
1995,Compostela,8,3,5,10,11,15,12,38,45,23,21,44,56,-12
1995,RC Celta,6,5,7,6,11,13,14,38,47,16,20,36,48,-12
1995,Tenerife,10,3,3,13,13,16,9,38,48,31,26,57,57,0
1995,Atlético Madrid,10,3,5,11,13,16,9,38,48,39,17,56,54,2
1995,Racing Santander,8,5,4,11,13,15,10,38,49,25,17,42,47,-5
1995,Real Sociedad,8,4,5,7,12,12,14,38,50,39,17,56,44,12
1995,Valencia CF,10,3,4,9,13,13,12,38,51,33,20,53,48,5
1995,Real Oviedo,12,1,2,10,13,12,13,38,52,29,16,45,42,3
1995,RCD Espanyol,11,3,1,8,14,9,15,38,57,35,16,51,35,16
1995,Athletic Club de Bilbao,10,6,5,7,16,12,10,38,58,22,17,39,42,-3
1995,Sevilla FC,8,8,6,5,16,11,11,38,59,30,25,55,41,14
1995,Real Zaragoza,13,5,2,11,18,13,7,38,61,39,17,56,51,5
1995,Real Betis,9,6,2,5,15,7,16,38,61,27,19,46,25,21
1995,FC Barcelona,12,6,2,8,18,10,10,38,64,34,26,60,45,15
1995,Deportivo Alavés,12,8,2,5,20,7,11,38,71,42,26,68,32,36
1995,Real Madrid,15,8,1,5,23,6,9,38,78,45,31,76,29,47
1996,Salamanca,7,1,10,15,8,25,9,42,33,34,19,53,82,-29
1996,Albacete,7,3,7,13,10,20,12,42,42,31,24,55,81,-26
1996,Rayo Vallecano,7,5,11,11,12,22,8,42,44,29,18,47,75,-28
1996,Real Sporting de Gijón,10,3,8,14,13,22,7,42,46,39,12,51,60,-9
1996,Racing Santander,6,5,5,12,11,17,14,42,47,25,22,47,69,-22
1996,Real Valladolid CF,7,4,4,13,11,17,14,42,47,30,27,57,62,-5
1996,Real Oviedo,5,7,9,9,12,18,12,42,48,23,25,48,67,-19
1996,Sevilla FC,7,4,6,10,11,16,15,42,48,19,24,43,55,-12
1996,Athletic Club de Bilbao,9,2,5,11,11,16,15,42,48,25,19,44,55,-11
1996,Real Zaragoza,7,4,9,7,11,16,15,42,48,27,24,51,59,-8
1996,RC Celta,9,3,2,12,12,14,16,42,52,30,19,49,51,-2
1996,Compostela,12,5,5,12,17,17,8,42,59,34,13,47,54,-7
1996,Deportivo Alavés,11,5,4,9,16,13,13,42,61,37,26,63,44,19
1996,Real Betis,9,7,6,6,16,12,14,42,62,39,22,61,54,7
1996,Real Sociedad,12,5,4,9,17,13,12,42,63,38,24,62,53,9
1996,Real Madrid,12,8,6,6,20,12,10,42,70,42,33,75,51,24
1996,Tenerife,11,9,4,6,20,10,12,42,72,38,31,69,54,15
1996,RCD Espanyol,11,9,2,6,20,8,14,42,74,34,29,63,36,27
1996,FC Barcelona,15,7,1,5,22,6,14,42,80,42,30,72,39,33
1996,Valencia CF,16,10,2,9,26,11,5,42,83,43,34,77,51,26
1996,Atlético Madrid,13,13,4,3,26,7,9,42,87,40,35,75,32,43
1997,Logrones,6,3,11,16,9,27,6,42,33,17,16,33,85,-52
1997,Hércules CF,10,2,8,17,12,25,5,42,41,26,14,40,77,-37
1997,Sevilla FC,8,4,9,14,12,23,7,42,43,29,21,50,69,-19
1997,Extremadura,9,2,8,12,11,20,11,42,44,24,11,35,64,-29
1997,Rayo Vallecano,8,5,9,14,13,23,6,42,45,25,18,43,62,-19
1997,Real Oviedo,9,3,6,12,12,18,12,42,48,30,19,49,65,-16
1997,RC Celta,8,4,6,11,12,17,13,42,49,34,17,51,54,-3
1997,Real Sporting de Gijón,8,5,6,12,13,18,11,42,50,28,17,45,63,-18
1997,Real Zaragoza,9,3,6,10,12,16,14,42,50,37,21,58,66,-8
1997,Racing Santander,6,5,8,6,11,14,17,42,50,29,23,52,54,-2
1997,RCD Espanyol,11,3,5,14,14,19,9,42,51,30,21,51,57,-6
1997,Compostela,8,5,7,8,13,15,14,42,53,30,22,52,65,-13
1997,Valencia CF,10,5,3,13,15,16,11,42,56,35,28,63,59,4
1997,Tenerife,9,6,6,10,15,16,11,42,56,47,22,69,57,12
1997,Real Sociedad,12,6,4,11,18,15,9,42,63,30,20,50,47,3
1997,Real Valladolid CF,11,7,6,8,18,14,10,42,64,34,23,57,46,11
1997,Athletic Club de Bilbao,10,6,2,8,16,10,16,42,64,41,31,72,57,15
1997,Atlético Madrid,12,8,6,5,20,11,11,42,71,42,34,76,64,12
1997,Deportivo Alavés,12,9,2,5,21,7,14,42,77,32,25,57,30,27
1997,Real Betis,10,11,4,3,21,7,14,42,77,44,37,81,46,35
1997,FC Barcelona,17,11,1,7,28,8,6,42,90,63,39,102,48,54
1997,Real Madrid,17,10,0,4,27,4,11,42,92,54,31,85,36,49
1998,Real Sporting de Gijón,2,0,15,14,2,29,7,38,13,15,16,31,80,-49
1998,Real Oviedo,7,2,6,10,9,16,13,38,40,19,17,36,51,-15
1998,Compostela,8,3,5,11,11,16,11,38,44,30,26,56,66,-10
1998,Tenerife,8,3,3,12,11,15,12,38,45,29,15,44,57,-13
1998,Racing Santander,8,4,7,10,12,17,9,38,45,26,20,46,55,-9
1998,Salamanca,9,3,5,12,12,17,9,38,45,33,13,46,46,0
1998,Real Zaragoza,4,8,5,9,12,14,12,38,48,23,22,45,53,-8
1998,Deportivo Alavés,9,3,4,9,12,13,13,38,49,32,12,44,46,-2
1998,Real Valladolid CF,7,6,5,9,13,14,11,38,50,22,14,36,47,-11
1998,RCD Espanyol,9,3,3,6,12,9,17,38,53,25,19,44,31,13
1998,Valencia CF,9,7,5,10,16,15,7,38,55,32,26,58,52,6
1998,Real Betis,11,6,4,9,17,13,8,38,59,30,19,49,50,-1
1998,RC Celta,14,3,1,11,17,12,9,38,60,34,20,54,47,7
1998,RCD Mallorca,10,6,4,6,16,10,12,38,60,34,21,55,39,16
1998,Atlético Madrid,11,5,2,8,16,10,12,38,60,47,32,79,56,23
1998,Real Madrid,12,5,3,6,17,9,12,38,63,34,29,63,45,18
1998,Real Sociedad,10,6,1,6,16,7,15,38,63,33,27,60,37,23
1998,Athletic Club de Bilbao,12,5,2,5,17,7,14,38,65,36,16,52,42,10
1998,FC Barcelona,14,9,4,6,23,10,5,38,74,42,36,78,56,22
1999,Salamanca,7,0,8,17,7,25,6,38,27,22,7,29,66,-37
1999,Tenerife,4,3,6,12,7,18,13,38,34,25,16,41,63,-22
1999,Villarreal CF,6,2,7,11,8,18,12,38,36,29,18,47,63,-16
1999,Extremadura,8,1,7,10,9,17,12,38,39,17,10,27,53,-26
1999,Deportivo Alavés,10,1,5,15,11,20,7,38,40,25,11,36,63,-27
1999,Racing Santander,6,4,8,8,10,16,12,38,42,22,19,41,53,-12
1999,Real Oviedo,8,3,6,9,11,15,12,38,45,21,20,41,57,-16
1999,Atlético Madrid,8,4,4,12,12,16,10,38,46,37,17,54,50,4
1999,Real Valladolid CF,10,3,5,11,13,16,9,38,48,22,13,35,44,-9
1999,Real Betis,8,6,8,9,14,17,7,38,49,23,24,47,58,-11
1999,Real Sociedad,11,3,3,9,14,12,12,38,54,32,15,47,43,4
1999,Real Zaragoza,11,5,5,8,16,13,9,38,57,35,22,57,46,11
1999,Athletic Club de Bilbao,10,7,4,8,17,12,9,38,60,30,23,53,47,6
1999,RCD Espanyol,9,7,2,7,16,9,13,38,61,27,22,49,38,11
1999,Deportivo Alavés,11,6,2,7,17,9,12,38,63,33,22,55,43,12
1999,RC Celta,12,5,1,7,17,8,13,38,64,46,23,69,41,28
1999,Valencia CF,11,8,3,8,19,11,8,38,65,38,25,63,39,24
1999,RCD Mallorca,14,6,2,10,20,12,6,38,66,30,18,48,31,17
1999,Real Madrid,14,7,3,9,21,12,5,38,68,46,31,77,62,15
1999,FC Barcelona,13,11,3,4,24,7,7,38,79,52,35,87,43,44
2000,Sevilla FC,5,0,8,12,5,20,13,38,28,25,17,42,67,-25
2000,Atlético Madrid,5,4,6,12,9,18,11,38,38,26,22,48,64,-16
2000,Real Betis,8,3,5,13,11,18,9,38,42,19,14,33,56,-23
2000,Real Oviedo,9,2,3,12,11,15,12,38,45,23,21,44,60,-16
2000,Numancia,9,2,4,11,11,15,12,38,45,30,17,47,59,-12
2000,Racing Santander,3,7,3,9,10,12,16,38,46,25,27,52,50,2
2000,Real Sociedad,9,2,3,10,11,13,14,38,47,28,14,42,49,-7
2000,RCD Espanyol,8,4,4,11,12,15,11,38,47,31,20,51,48,3
2000,Málaga CF,7,4,5,7,11,12,15,38,48,25,30,55,50,5
2000,Athletic Club de Bilbao,8,4,3,9,12,12,14,38,50,29,18,47,57,-10
2000,RCD Mallorca,11,3,4,11,14,15,9,38,51,33,19,52,45,7
2000,Rayo Vallecano,8,7,8,8,15,16,7,38,52,28,23,51,53,-2
2000,Real Valladolid CF,11,3,5,8,14,13,11,38,53,26,10,36,44,-8
2000,RC Celta,10,5,4,11,15,15,8,38,53,31,14,45,43,2
2000,Deportivo Alavés,10,7,5,6,17,11,10,38,61,23,18,41,37,4
2000,Real Madrid,9,7,6,2,16,8,14,38,62,31,27,58,48,10
2000,Real Zaragoza,11,5,1,6,16,7,15,38,63,36,24,60,40,20
2000,Valencia CF,12,6,3,7,18,10,10,38,64,40,19,59,39,20
2000,FC Barcelona,13,6,4,8,19,12,7,38,64,42,28,70,46,24
2000,Deportivo Alavés,16,5,2,9,21,11,6,38,69,47,19,66,44,22
2001,Numancia,8,2,6,13,10,19,9,38,39,24,16,40,64,-24
2001,Racing Santander,10,0,4,15,10,19,9,38,39,33,15,48,62,-14
2001,Real Oviedo,9,2,4,15,11,19,8,38,41,42,9,51,67,-16
2001,CA Osasuna,6,4,5,11,10,16,12,38,42,26,17,43,54,-11
2001,Real Valladolid CF,8,1,2,12,9,14,15,38,42,24,18,42,50,-8
2001,Real Zaragoza,8,1,2,12,9,14,15,38,42,40,14,54,57,-3
2001,Athletic Club de Bilbao,9,2,6,11,11,17,10,38,43,32,12,44,60,-16
2001,Real Sociedad,6,5,7,10,11,17,10,38,43,28,24,52,68,-16
2001,Rayo Vallecano,7,3,6,9,10,15,13,38,43,30,26,56,68,-12
2001,UD Las Palmas,10,3,6,12,13,18,7,38,46,20,22,42,62,-20
2001,Deportivo Alavés,10,4,7,10,14,17,7,38,49,34,24,58,59,-1
2001,RCD Espanyol,9,5,7,9,14,16,8,38,50,25,21,46,44,2
2001,Málaga CF,10,6,4,10,16,14,8,38,56,34,26,60,61,-1
2001,Villarreal CF,9,7,4,9,16,13,9,38,57,33,25,58,52,6
2001,RC Celta,11,5,1,10,16,11,11,38,59,31,20,51,49,2
2001,Valencia CF,13,5,5,6,18,11,9,38,63,30,25,55,34,21
2001,FC Barcelona,12,5,3,6,17,9,12,38,63,51,29,80,57,23
2001,RCD Mallorca,14,6,1,6,20,7,11,38,71,38,23,61,43,18
2001,Deportivo Alavés,15,7,1,8,22,9,7,38,73,44,29,73,44,29
2001,Real Madrid,15,9,1,5,24,6,8,38,80,53,28,81,40,41
2002,Real Zaragoza,6,3,6,13,9,19,10,38,37,21,14,35,54,-19
2002,Tenerife,6,4,8,12,10,20,8,38,38,21,11,32,58,-26
2002,UD Las Palmas,7,2,4,12,9,16,13,38,40,23,17,40,50,-10
2002,CA Osasuna,6,4,7,9,10,16,12,38,42,19,17,36,49,-13
2002,RCD Mallorca,7,4,7,10,11,17,10,38,43,24,16,40,52,-12
2002,Villarreal CF,9,2,4,13,11,17,10,38,43,30,16,46,55,-9
2002,RCD Espanyol,12,1,5,12,13,17,8,38,47,34,13,47,56,-9
2002,Real Sociedad,8,5,5,12,13,17,8,38,47,31,17,48,54,-6
2002,Real Valladolid CF,9,4,6,10,13,16,9,38,48,24,21,45,58,-13
2002,Rayo Vallecano,11,2,5,10,13,15,10,38,49,27,19,46,52,-6
2002,Athletic Club de Bilbao,6,8,6,7,14,13,11,38,53,23,31,54,66,-12
2002,Málaga CF,8,5,4,7,13,11,14,38,53,24,20,44,44,0
2002,Sevilla FC,7,7,6,7,14,13,11,38,53,26,25,51,40,11
2002,Deportivo Alavés,10,7,8,10,17,18,3,38,54,22,19,41,44,-3
2002,Real Betis,11,4,3,6,15,9,14,38,59,26,16,42,34,8
2002,RC Celta,10,6,4,6,16,10,12,38,60,36,28,64,46,18
2002,FC Barcelona,12,6,2,8,18,10,10,38,64,44,21,65,37,28
2002,Real Madrid,14,5,0,10,19,10,9,38,66,48,21,69,44,25
2002,Deportivo Alavés,13,7,2,8,20,10,8,38,68,40,25,65,41,24
2002,Valencia CF,14,7,1,4,21,5,12,38,75,28,23,51,27,24
2003,Rayo Vallecano,4,3,7,13,7,20,11,38,32,17,14,31,62,-31
2003,Deportivo Alavés,5,3,6,13,8,19,11,38,35,18,20,38,68,-30
2003,RC Recreativo de Huelva,5,3,6,12,8,18,12,38,36,24,11,35,61,-26
2003,RCD Espanyol,8,2,5,10,10,15,13,38,43,30,18,48,54,-6
2003,Racing Santander,9,4,8,12,13,20,5,38,44,29,25,54,64,-10
2003,Villarreal CF,8,3,6,9,11,15,12,38,45,24,20,44,53,-9
2003,Málaga CF,8,3,4,10,11,14,13,38,46,29,15,44,49,-5
2003,Real Valladolid CF,9,3,6,10,12,16,10,38,46,23,14,37,40,-3
2003,CA Osasuna,8,4,8,7,12,15,11,38,47,22,18,40,48,-8
2003,Atlético Madrid,8,4,6,9,12,15,11,38,47,28,23,51,56,-5
2003,Sevilla FC,8,5,4,10,13,14,11,38,50,24,14,38,39,-1
2003,RCD Mallorca,7,7,7,7,14,14,10,38,52,25,24,49,56,-7
2003,Real Betis,9,5,4,8,14,12,12,38,54,31,25,56,53,3
2003,Athletic Club de Bilbao,11,4,5,8,15,13,10,38,55,30,33,63,61,2
2003,FC Barcelona,10,5,4,8,15,12,11,38,56,43,20,63,47,16
2003,Valencia CF,10,7,6,6,17,12,9,38,60,30,26,56,35,21
2003,RC Celta,10,7,3,8,17,11,10,38,61,29,16,45,36,9
2003,Deportivo Alavés,13,9,3,7,22,10,6,38,72,41,26,67,47,20
2003,Real Sociedad,13,9,0,6,22,6,10,38,76,41,30,71,45,26
2003,Real Madrid,13,9,1,3,22,4,12,38,78,52,34,86,42,44
2004,Real Murcia Club de Fútbol,5,0,7,15,5,22,11,38,26,21,8,29,57,-28
2004,RC Celta,4,5,11,6,9,17,12,38,39,16,32,48,68,-20
2004,Real Valladolid CF,7,3,6,11,10,17,11,38,41,25,21,46,56,-10
2004,RCD Espanyol,8,5,9,12,13,21,4,38,43,24,24,48,64,-16
2004,Racing Santander,5,6,10,7,11,17,10,38,43,23,25,48,63,-15
2004,Real Sociedad,7,4,5,9,11,14,13,38,46,24,25,49,53,-4
2004,Albacete,9,4,8,9,13,17,8,38,47,25,15,40,48,-8
2004,Real Zaragoza,7,6,5,11,13,16,9,38,48,25,21,46,55,-9
2004,CA Osasuna,6,5,6,6,11,12,15,38,48,24,14,38,37,1
2004,RCD Mallorca,7,8,7,10,15,17,6,38,51,29,25,54,66,-12
2004,Málaga CF,10,5,5,12,15,17,6,38,51,35,15,50,55,-5
2004,Real Betis,6,7,4,8,13,12,13,38,52,22,24,46,43,3
2004,Villarreal CF,10,5,4,10,15,14,9,38,54,28,19,47,49,-2
2004,Atlético Madrid,11,4,3,10,15,13,10,38,55,30,21,51,53,-2
2004,Sevilla FC,12,3,5,8,15,13,10,38,55,30,26,56,45,11
2004,Athletic Club de Bilbao,10,5,4,8,15,12,11,38,56,32,21,53,49,4
2004,Real Madrid,13,8,4,6,21,10,7,38,70,43,29,72,54,18
2004,Deportivo Alavés,13,8,3,6,21,9,8,38,71,36,24,60,34,26
2004,FC Barcelona,10,11,3,5,21,8,9,38,72,33,30,63,39,24
2004,Valencia CF,12,11,4,3,23,7,8,38,77,38,33,71,27,44
2005,Albacete,4,2,8,14,6,22,10,38,28,17,16,33,56,-23
2005,Numancia,4,2,6,15,6,21,11,38,29,19,11,30,61,-31
2005,Levante UD,6,3,7,12,9,19,10,38,37,19,20,39,58,-19
2005,RCD Mallorca,6,4,8,11,10,19,9,38,39,28,14,42,63,-21
2005,Racing Santander,8,4,5,13,12,18,8,38,44,25,16,41,58,-17
2005,CA Osasuna,9,3,4,12,12,16,10,38,46,28,18,46,65,-19
2005,Real Sociedad,9,4,6,11,13,17,8,38,47,21,26,47,56,-9
2005,Getafe CF,11,1,4,11,12,15,11,38,47,23,15,38,46,-8
2005,Real Zaragoza,11,3,5,11,14,16,8,38,50,35,17,52,57,-5
2005,Atlético Madrid,11,2,2,12,13,14,11,38,50,28,12,40,34,6
2005,Málaga CF,8,7,7,10,15,17,6,38,51,19,21,40,48,-8
2005,Deportivo Alavés,6,6,6,5,12,11,15,38,51,25,21,46,50,-4
2005,Athletic Club de Bilbao,11,3,4,11,14,15,9,38,51,39,20,59,54,5
2005,Valencia CF,11,3,3,5,14,8,16,38,58,31,23,54,39,15
2005,Sevilla FC,10,7,4,8,17,12,9,38,60,25,19,44,41,3
2005,RCD Espanyol,12,5,2,9,17,11,10,38,61,34,20,54,46,8
2005,Real Betis,12,4,2,6,16,8,14,38,62,36,26,62,50,12
2005,Villarreal CF,14,4,1,8,18,9,11,38,65,41,28,69,37,32
2005,Real Madrid,15,10,3,5,25,8,5,38,80,43,28,71,32,39
2005,FC Barcelona,14,11,1,3,25,4,9,38,84,40,33,73,29,44
2006,Málaga CF,3,2,11,13,5,24,9,38,24,16,20,36,68,-32
2006,Cadiz,4,4,7,11,8,18,12,38,36,22,14,36,52,-16
2006,Deportivo Alavés,6,3,7,10,9,17,12,38,39,20,15,35,54,-19
2006,Real Sociedad,8,3,7,13,11,20,7,38,40,31,17,48,65,-17
2006,Racing Santander,4,5,9,7,9,16,13,38,40,18,18,36,49,-13
2006,RCD Espanyol,7,3,8,9,10,17,11,38,41,26,10,36,56,-20
2006,Real Betis,8,2,6,10,10,16,12,38,42,19,15,34,51,-17
2006,RCD Mallorca,6,4,5,10,10,15,13,38,43,21,16,37,51,-14
2006,Athletic Club de Bilbao,7,4,6,9,11,15,12,38,45,19,21,40,46,-6
2006,Real Zaragoza,6,4,7,5,10,12,16,38,46,26,20,46,51,-5
2006,Atlético Madrid,7,6,6,6,13,12,13,38,52,21,24,45,37,8
2006,Getafe CF,8,7,4,10,15,14,9,38,54,32,22,54,49,5
2006,Deportivo Alavés,6,9,8,5,15,13,10,38,55,19,28,47,45,2
2006,Villarreal CF,9,5,4,5,14,9,15,38,57,28,22,50,39,11
2006,RC Celta,13,7,6,8,20,14,4,38,64,25,20,45,33,12
2006,CA Osasuna,12,9,4,8,21,12,5,38,68,28,21,49,43,6
2006,Sevilla FC,12,8,2,8,20,10,8,38,68,29,25,54,39,15
2006,Valencia CF,10,9,1,6,19,7,12,38,69,34,24,58,33,25
2006,Real Madrid,11,9,4,4,20,8,10,38,70,40,30,70,40,30
2006,FC Barcelona,15,10,1,5,25,6,7,38,82,45,35,80,35,45
2007,Gimnastic de Tarragona,4,3,11,13,7,24,7,38,28,23,11,34,69,-35
2007,Real Sociedad,6,2,9,10,8,19,11,38,35,20,12,32,47,-15
2007,RC Celta,4,6,9,10,10,19,9,38,39,21,19,40,59,-19
2007,Athletic Club de Bilbao,6,4,9,9,10,18,10,38,40,19,25,44,62,-18
2007,Real Betis,4,4,6,8,8,14,16,38,40,17,19,36,49,-13
2007,Levante UD,6,4,6,10,10,16,12,38,42,22,15,37,53,-16
2007,CA Osasuna,6,7,7,11,13,18,7,38,46,26,25,51,49,2
2007,Deportivo Alavés,9,3,6,9,12,15,11,38,47,19,13,32,45,-13
2007,RCD Espanyol,7,5,6,7,12,13,13,38,49,26,20,46,53,-7
2007,RCD Mallorca,8,6,6,11,14,17,7,38,49,22,19,41,47,-6
2007,Racing Santander,9,3,6,6,12,12,14,38,50,25,17,42,48,-6
2007,Getafe CF,9,5,3,11,14,14,10,38,52,21,18,39,33,6
2007,RC Recreativo de Huelva,9,6,6,8,15,14,9,38,54,27,27,54,52,2
2007,Atlético Madrid,8,9,5,7,17,12,9,38,60,20,26,46,39,7
2007,Real Zaragoza,12,4,2,8,16,10,12,38,60,33,22,55,43,12
2007,Villarreal CF,10,8,5,7,18,12,8,38,62,23,25,48,44,4
2007,Valencia CF,14,6,3,9,20,12,6,38,66,40,17,57,42,15
2007,Sevilla FC,15,6,2,7,21,9,8,38,71,41,23,64,35,29
2007,Real Madrid,12,11,3,5,23,8,7,38,76,32,34,66,40,26
2007,FC Barcelona,14,8,0,6,22,6,10,38,76,41,37,78,33,45
2008,Levante UD,5,2,10,16,7,26,5,38,26,22,11,33,75,-42
2008,Real Murcia Club de Fútbol,6,1,9,13,7,22,9,38,30,21,15,36,65,-29
2008,Real Zaragoza,9,1,3,13,10,16,12,38,42,36,14,50,61,-11
2008,CA Osasuna,8,4,7,12,12,19,7,38,43,25,12,37,44,-7
2008,RC Recreativo de Huelva,6,5,6,10,11,16,11,38,44,24,16,40,60,-20
2008,Real Valladolid CF,6,5,4,11,11,15,12,38,45,19,23,42,57,-15
2008,Real Betis,7,5,8,7,12,15,11,38,47,27,18,45,51,-6
2008,Getafe CF,7,5,5,10,12,15,11,38,47,24,20,44,48,-4
2008,RCD Espanyol,8,5,8,8,13,16,9,38,48,21,22,43,53,-10
2008,Athletic Club de Bilbao,7,6,4,10,13,14,11,38,50,22,18,40,43,-3
2008,Valencia CF,7,8,9,8,15,17,6,38,51,24,24,48,62,-14
2008,UD Almería,9,5,5,9,14,14,10,38,52,18,24,42,45,-3
2008,Deportivo Alavés,9,6,7,9,15,16,7,38,52,24,22,46,47,-1
2008,RCD Mallorca,9,6,4,5,15,9,14,38,59,35,34,69,54,15
2008,Racing Santander,11,6,5,7,17,12,9,38,60,24,18,42,41,1
2008,Atlético Madrid,12,7,5,7,19,12,7,38,64,45,21,66,47,19
2008,Sevilla FC,13,7,5,9,20,14,4,38,64,46,29,75,49,26
2008,FC Barcelona,14,5,3,6,19,9,10,38,67,46,30,76,43,33
2008,Villarreal CF,12,12,2,7,24,9,5,38,77,33,30,63,40,23
2008,Real Madrid,17,10,2,5,27,7,4,38,85,53,31,84,36,48
2009,RC Recreativo de Huelva,4,4,11,10,8,21,9,38,33,17,17,34,57,-23
2009,Numancia,9,1,7,16,10,23,5,38,35,23,15,38,69,-31
2009,Real Betis,4,6,7,9,10,16,12,38,42,24,27,51,58,-7
2009,Getafe CF,7,3,8,8,10,16,12,38,42,27,23,50,56,-6
2009,Real Sporting de Gijón,8,6,10,13,14,23,1,38,43,24,23,47,79,-32
2009,Real Valladolid CF,8,4,6,13,12,19,7,38,43,22,24,46,58,-12
2009,CA Osasuna,8,2,6,9,10,15,13,38,43,27,14,41,47,-6
2009,Athletic Club de Bilbao,9,3,8,10,12,18,8,38,44,28,19,47,62,-15
2009,UD Almería,11,2,4,14,13,18,7,38,46,27,18,45,61,-16
2009,Racing Santander,5,7,6,10,12,16,10,38,46,28,21,49,48,1
2009,RCD Espanyol,8,4,6,9,12,15,11,38,47,28,18,46,49,-3
2009,RCD Mallorca,9,5,4,11,14,15,9,38,51,33,20,53,60,-7
2009,Málaga CF,8,7,4,9,15,13,10,38,55,28,27,55,59,-4
2009,Deportivo Alavés,10,6,3,9,16,12,10,38,58,30,18,48,47,1
2009,Valencia CF,12,6,3,9,18,12,8,38,62,47,21,68,54,14
2009,Villarreal CF,12,6,4,5,18,9,11,38,65,33,28,61,54,7
2009,Atlético Madrid,13,7,5,6,20,11,7,38,67,47,33,80,57,23
2009,Sevilla FC,11,10,6,4,21,10,7,38,70,28,26,54,39,15
2009,Real Madrid,14,11,3,7,25,10,3,38,78,49,34,83,52,31
2009,FC Barcelona,14,13,2,3,27,5,6,38,87,61,44,105,35,70
2010,Xerez Club Deportivo,6,2,9,11,8,20,10,38,34,20,18,38,66,-28
2010,Tenerife,8,1,5,15,9,20,9,38,36,26,14,40,74,-34
2010,Real Valladolid CF,4,3,7,9,7,16,15,38,36,23,14,37,62,-25
2010,Málaga CF,5,2,6,9,7,15,16,38,37,21,21,42,48,-6
2010,Racing Santander,4,5,10,7,9,17,12,38,39,17,25,42,59,-17
2010,Real Sporting de Gijón,7,2,5,11,9,16,13,38,40,20,16,36,51,-15
2010,Real Zaragoza,7,3,6,11,10,17,11,38,41,27,19,46,64,-18
2010,UD Almería,8,2,5,11,10,16,12,38,42,25,18,43,55,-12
2010,CA Osasuna,7,4,4,13,11,17,10,38,43,21,16,37,46,-9
2010,RCD Espanyol,9,2,4,12,11,16,11,38,44,20,9,29,46,-17
2010,Deportivo Alavés,9,4,6,11,13,17,8,38,47,22,13,35,49,-14
2010,Atlético Madrid,11,2,5,12,13,17,8,38,47,37,20,57,61,-4
2010,Athletic Club de Bilbao,11,4,4,10,15,14,9,38,54,34,16,50,53,-3
2010,Villarreal CF,13,3,3,11,16,14,8,38,56,35,23,58,57,1
2010,Getafe CF,11,6,4,10,17,14,7,38,58,34,24,58,48,10
2010,RCD Mallorca,15,3,3,9,18,12,8,38,62,42,17,59,44,15
2010,Sevilla FC,10,9,3,10,19,13,6,38,63,33,32,65,49,16
2010,Valencia CF,13,8,1,8,21,9,8,38,71,34,25,59,40,19
2010,Real Madrid,18,13,1,3,31,4,3,38,96,60,42,102,35,67
2010,FC Barcelona,18,13,0,1,31,1,6,38,99,57,41,98,24,74
2011,UD Almería,3,3,6,14,6,20,12,38,30,23,13,36,70,-34
2011,Hércules CF,7,2,7,14,9,21,8,38,35,27,9,36,60,-24
2011,Deportivo Alavés,8,2,5,10,10,15,13,38,43,22,9,31,47,-16
2011,RCD Mallorca,9,3,6,12,12,18,8,38,44,25,16,41,56,-15
2011,Getafe CF,9,3,7,11,12,18,8,38,44,33,16,49,60,-11
2011,Real Sociedad,11,3,6,15,14,21,3,38,45,27,22,49,66,-17
2011,Real Zaragoza,9,3,7,10,12,17,9,38,45,26,14,40,53,-13
2011,Levante UD,9,3,6,11,12,17,9,38,45,25,16,41,52,-11
2011,Racing Santander,8,4,5,11,12,16,10,38,46,25,16,41,56,-15
2011,Málaga CF,7,6,9,9,13,18,7,38,46,29,25,54,68,-14
2011,Real Sporting de Gijón,9,2,4,9,11,13,14,38,47,23,12,35,42,-7
2011,CA Osasuna,10,3,3,14,13,17,8,38,47,28,17,45,46,-1
2011,RCD Espanyol,11,4,6,13,15,19,4,38,49,33,13,46,55,-9
2011,Sevilla FC,10,7,5,9,17,14,7,38,58,35,27,62,61,1
2011,Athletic Club de Bilbao,12,6,6,10,18,16,4,38,58,32,27,59,55,4
2011,Atlético Madrid,10,7,6,8,17,14,7,38,58,35,27,62,53,9
2011,Villarreal CF,13,5,3,9,18,12,8,38,62,33,21,54,44,10
2011,Valencia CF,10,11,4,5,21,9,8,38,71,34,30,64,44,20
2011,Real Madrid,16,13,2,2,29,4,5,38,92,61,41,102,33,69
2011,FC Barcelona,16,14,1,1,30,2,6,38,96,46,49,95,21,74
2012,Racing Santander,3,1,9,10,4,19,15,38,27,11,17,28,63,-35
2012,Real Sporting de Gijón,7,3,8,13,10,21,7,38,37,24,18,42,69,-27
2012,Villarreal CF,6,3,3,12,9,15,14,38,41,26,13,39,53,-14
2012,Granada CF,8,4,6,14,12,20,6,38,42,22,13,35,56,-21
2012,Real Zaragoza,8,4,7,12,12,19,7,38,43,19,17,36,61,-25
2012,Rayo Vallecano,8,5,10,11,13,21,4,38,43,29,24,53,73,-20
2012,RCD Espanyol,9,3,6,10,12,16,10,38,46,31,15,46,56,-10
2012,Getafe CF,8,4,5,10,12,15,11,38,47,24,16,40,51,-11
2012,Real Betis,7,6,5,12,13,17,8,38,47,28,19,47,56,-9
2012,Real Sociedad,9,3,4,11,12,15,11,38,47,29,17,46,52,-6
2012,Athletic Club de Bilbao,8,4,4,9,12,13,13,38,49,29,20,49,52,-3
2012,Sevilla FC,9,4,6,8,13,14,11,38,50,32,16,48,47,1
2012,RCD Mallorca,9,5,5,9,14,14,10,38,52,21,21,42,46,-4
2012,CA Osasuna,10,3,3,7,13,10,15,38,54,26,18,44,61,-17
2012,Levante UD,11,5,5,10,16,15,7,38,55,33,21,54,50,4
2012,Atlético Madrid,11,4,3,9,15,12,11,38,56,36,17,53,46,7
2012,Málaga CF,13,4,3,11,17,14,7,38,58,35,19,54,53,1
2012,Valencia CF,11,6,4,7,17,11,10,38,61,40,19,59,44,15
2012,FC Barcelona,17,11,1,2,28,3,7,38,91,73,41,114,29,85
2012,Real Madrid,16,16,1,1,32,2,4,38,100,70,51,121,32,89
2013,Real Zaragoza,5,4,10,12,9,22,7,38,34,23,14,37,62,-25
2013,Deportivo Alavés,6,2,8,11,8,19,11,38,35,23,24,47,70,-23
2013,RCD Mallorca,7,2,7,13,9,20,9,38,36,26,17,43,72,-29
2013,RC Celta,7,3,6,15,10,21,7,38,37,23,14,37,52,-15
2013,CA Osasuna,7,3,7,12,10,19,9,38,39,15,18,33,50,-17
2013,Granada CF,6,5,7,11,11,18,9,38,42,21,16,37,54,-17
2013,Real Valladolid CF,7,4,6,11,11,17,10,38,43,29,20,49,58,-9
2013,RCD Espanyol,6,5,6,10,11,16,11,38,44,25,18,43,52,-9
2013,Athletic Club de Bilbao,8,4,8,9,12,17,9,38,45,22,22,44,65,-21
2013,Levante UD,8,4,7,9,12,16,10,38,46,25,15,40,57,-17
2013,Getafe CF,9,4,6,11,13,17,8,38,47,25,18,43,57,-14
2013,Sevilla FC,13,1,5,11,14,16,8,38,50,41,17,58,54,4
2013,Rayo Vallecano,9,7,7,10,16,17,5,38,53,27,23,50,66,-16
2013,Real Betis,9,7,5,9,16,14,8,38,56,28,29,57,56,1
2013,Málaga CF,10,6,4,9,16,13,9,38,57,33,20,53,50,3
2013,Valencia CF,13,6,3,8,19,11,8,38,65,42,25,67,54,13
2013,Real Sociedad,10,8,2,6,18,8,12,38,66,41,29,70,49,21
2013,Atlético Madrid,14,9,3,5,23,8,7,38,76,42,23,65,31,34
2013,Real Madrid,17,9,0,5,26,5,7,38,85,67,36,103,42,61
2013,FC Barcelona,18,14,0,2,32,2,4,38,100,63,52,115,40,75
2014,Real Betis,5,1,11,14,6,25,7,38,25,19,17,36,78,-42
2014,Real Valladolid CF,6,1,4,12,7,16,15,38,36,20,18,38,60,-22
2014,CA Osasuna,6,4,8,11,10,19,9,38,39,20,12,32,62,-30
2014,UD Almería,6,5,7,13,11,20,7,38,40,26,17,43,71,-28
2014,Elche CF,6,3,5,11,9,16,13,38,40,13,17,30,50,-20
2014,Granada CF,7,5,11,10,12,21,5,38,41,18,14,32,56,-24
2014,Getafe CF,6,5,7,11,11,18,9,38,42,20,15,35,54,-19
2014,RCD Espanyol,7,4,7,11,11,18,9,38,42,23,18,41,51,-10
2014,Rayo Vallecano,8,5,11,10,13,21,4,38,43,28,18,46,80,-34
2014,Málaga CF,8,4,9,8,12,17,9,38,45,24,15,39,46,-7
2014,Levante UD,7,5,6,8,12,14,12,38,48,19,16,35,43,-8
2014,RC Celta,6,8,6,11,14,17,7,38,49,23,26,49,54,-5
2014,Valencia CF,10,3,6,9,13,15,10,38,49,35,16,51,53,-2
2014,Real Sociedad,11,5,4,7,16,11,11,38,59,38,24,62,55,7
2014,Villarreal CF,9,8,4,9,17,13,8,38,59,36,24,60,44,16
2014,Sevilla FC,11,7,4,7,18,11,9,38,63,40,29,69,52,17
2014,Athletic Club de Bilbao,13,7,2,6,20,8,10,38,70,42,24,66,39,27
2014,Real Madrid,16,11,2,3,27,5,6,38,87,63,41,104,38,66
2014,FC Barcelona,16,11,1,4,27,5,6,38,87,64,36,100,33,67
2014,Atlético Madrid,15,13,0,4,28,4,6,38,90,49,28,77,26,51
2015,Córdoba CF,1,2,12,12,3,24,11,38,20,12,10,22,68,-46
2015,UD Almería,3,5,9,13,8,22,8,38,32,20,15,35,64,-29
2015,Granada CF,4,3,5,12,7,17,14,38,35,13,16,29,64,-35
2015,Deportivo Alavés,5,2,8,9,7,17,14,38,35,22,13,35,60,-25
2015,SD Eibar,5,4,11,10,9,21,8,38,35,20,14,34,55,-21
2015,Levante UD,6,3,7,12,9,19,10,38,37,20,14,34,67,-33
2015,Getafe CF,6,4,8,13,10,21,7,38,37,16,17,33,64,-31
2015,Elche CF,6,5,10,9,11,19,8,38,41,19,16,35,62,-27
2015,Real Sociedad,9,2,5,9,11,14,13,38,46,29,15,44,51,-7
2015,Rayo Vallecano,8,7,9,10,15,19,4,38,49,26,20,46,68,-22
2015,RCD Espanyol,8,5,5,10,13,15,10,38,49,23,24,47,51,-4
2015,Málaga CF,8,6,5,11,14,16,8,38,50,26,16,42,48,-6
2015,RC Celta,8,5,6,7,13,13,12,38,51,30,17,47,44,3
2015,Athletic Club de Bilbao,8,7,5,8,15,13,10,38,55,28,14,42,41,1
2015,Villarreal CF,12,4,6,4,16,10,12,38,60,29,19,48,37,11
2015,Sevilla FC,13,10,1,7,23,8,7,38,76,38,33,71,45,26
2015,Valencia CF,15,7,1,4,22,5,11,38,77,42,28,70,32,38
2015,Atlético Madrid,14,9,2,4,23,6,9,38,78,42,25,67,29,38
2015,Real Madrid,16,14,1,5,30,6,2,38,92,65,53,118,38,80
2015,FC Barcelona,16,14,2,2,30,4,4,38,94,64,46,110,21,89
2016,Levante UD,7,1,7,15,8,22,8,38,32,23,14,37,70,-33
2016,Getafe CF,6,3,6,14,9,20,9,38,36,23,14,37,67,-30
2016,Rayo Vallecano,8,1,7,11,9,18,11,38,38,29,23,52,73,-21
2016,Granada CF,6,4,8,11,10,19,9,38,39,26,20,46,69,-23
2016,Real Sporting de Gijón,7,3,8,11,10,19,9,38,39,28,12,40,62,-22
2016,Deportivo Alavés,4,4,7,5,8,12,18,38,42,25,20,45,61,-16
2016,RCD Espanyol,9,3,5,14,12,19,7,38,43,22,18,40,74,-34
2016,SD Eibar,8,3,6,11,11,17,10,38,43,26,23,49,61,-12
2016,UD Las Palmas,8,4,6,12,12,18,8,38,44,25,20,45,53,-8
2016,Valencia CF,6,5,6,10,11,16,11,38,44,25,21,46,48,-2
2016,Real Betis,6,5,7,8,11,15,12,38,45,17,17,34,52,-18
2016,Real Sociedad,7,6,7,9,13,16,9,38,48,22,23,45,48,-3
2016,Málaga CF,8,4,5,9,12,14,12,38,48,26,12,38,35,3
2016,Sevilla FC,14,0,4,10,14,14,10,38,52,38,13,51,50,1
2016,RC Celta,9,8,4,8,17,12,9,38,60,29,22,51,59,-8
2016,Athletic Club de Bilbao,11,7,4,8,18,12,8,38,62,35,23,58,45,13
2016,Villarreal CF,12,6,3,7,18,10,10,38,64,26,18,44,35,9
2016,Atlético Madrid,15,13,1,5,28,6,4,38,88,33,30,63,18,45
2016,Real Madrid,16,12,2,2,28,4,6,38,90,70,40,110,34,76
2016,FC Barcelona,16,13,2,3,29,5,4,38,91,67,45,112,29,83
2017,Granada CF,4,0,11,15,4,26,8,38,20,17,13,30,82,-52
2017,CA Osasuna,2,2,10,14,4,24,10,38,22,23,17,40,94,-54
2017,Real Sporting de Gijón,5,2,10,11,7,21,10,38,31,26,16,42,72,-30
2017,CD Leganés,5,3,8,11,8,19,11,38,35,22,14,36,55,-19
2017,Deportivo Alavés,7,1,7,11,8,18,12,38,36,27,16,43,61,-18
2017,Real Betis,6,4,6,13,10,19,9,38,39,22,19,41,64,-23
2017,UD Las Palmas,9,1,4,15,10,19,9,38,39,33,20,53,74,-21
2017,RC Celta,9,4,8,11,13,19,6,38,45,30,23,53,69,-16
2017,Valencia CF,8,5,7,11,13,18,7,38,46,32,24,56,65,-9
2017,Málaga CF,10,2,7,9,12,16,10,38,46,32,17,49,55,-6
2017,SD Eibar,10,5,6,8,15,14,9,38,54,29,27,56,51,5
2017,Deportivo Alavés,7,7,4,7,14,11,13,38,55,19,22,41,43,-2
2017,RCD Espanyol,8,7,6,6,15,12,11,38,56,28,21,49,50,-1
2017,Athletic Club de Bilbao,13,6,2,11,19,13,6,38,63,36,17,53,43,10
2017,Real Sociedad,10,9,4,8,19,12,7,38,64,30,29,59,53,6
2017,Villarreal CF,11,8,4,5,19,9,10,38,67,35,21,56,33,23
2017,Sevilla FC,14,7,1,7,21,8,9,38,72,39,30,69,49,20
2017,Atlético Madrid,14,9,3,3,23,6,9,38,78,40,30,70,27,43
2017,FC Barcelona,15,13,1,3,28,4,6,38,90,64,52,116,37,79
2017,Real Madrid,14,15,1,2,29,3,6,38,93,48,58,106,41,65
